$ 1 0.000005 10.20027730826997 50 5 43
v -384 -496 -208 -496 0 0 40 3.832 0 0 0.5
v -208 -496 -32 -496 0 0 40 3.895 0 0 0.5
v -32 -496 128 -496 0 0 40 3.698 0 0 0.5
v 128 -496 320 -496 0 0 40 3.785 0 0 0.5
v 320 -496 496 -496 0 0 40 3.896 0 0 0.5
v 496 -496 656 -496 0 0 40 3.776 0 0 0.5
v 656 -496 816 -496 0 0 40 3.698 0 0 0.5
a -112 -624 -112 -800 9 15 -15 1000000 3.863461050778984 3.8635 100000
r -128 -624 -128 -544 0 100000
r -96 -624 -96 -544 0 100000
w -128 -544 -208 -544 0
w -208 -544 -208 -496 0
w -384 -496 -384 -912 0
r -384 -944 -64 -944 0 100000
w -64 -944 -64 -624 0
w -64 -624 -96 -624 0
w -112 -800 -192 -800 0
w -128 -624 -192 -624 0
r -192 -800 -192 -624 0 100000
p -192 -800 -384 -800 1 0 0
w -384 -912 -384 -944 0
w -96 -544 -32 -544 0
w -32 -544 -32 -496 0
a 48 -624 48 -784 9 15 -15 1000000 5.712463020739586 5.7125 100000
r 32 -624 32 -560 0 100000
r 64 -624 64 -560 0 100000
w 32 -560 32 -544 0
w 32 -544 -32 -544 0
w 64 -560 64 -544 0
w 64 -544 128 -544 0
w 128 -544 128 -496 0
w 32 -624 0 -624 0
w 48 -784 0 -784 0
r 0 -784 0 -624 0 100000
w -384 -944 -384 -992 0
r -384 -992 96 -992 0 100000
w 64 -624 96 -624 0
w 96 -624 96 -992 0
w 48 -784 48 -816 0
p 48 -816 -384 -816 1 0 0
a 224 -624 224 -784 9 15 -15 1000000 7.604962150756984 7.6049999999999995 100000
a 400 -624 400 -784 9 15 -15 1000000 9.552961040779186 9.553 100000
a 576 -624 576 -784 9 15 -15 1000000 11.440962240755185 11.441 100000
a 736 -624 736 -784 9 15 -15 1000000 13.289963020739588 13.290000000000003 100000
r 208 -624 208 -560 0 100000
r 240 -624 240 -560 0 100000
r 384 -624 384 -544 0 100000
r 416 -624 416 -544 0 100000
r 560 -624 560 -544 0 100000
r 592 -624 592 -544 0 100000
r 720 -624 720 -544 0 100000
r 752 -624 752 -544 0 100000
w 208 -560 208 -544 0
w 208 -544 128 -544 0
w 240 -560 240 -544 0
w 240 -544 320 -544 0
w 320 -544 320 -496 0
w 208 -624 176 -624 0
w 224 -784 176 -784 0
r 176 -784 176 -624 0 100000
w -384 -992 -384 -1024 0
r -384 -1024 288 -1024 0 100000
w 240 -624 288 -624 0
w 288 -624 288 -1024 0
w 224 -784 224 -832 0
p 224 -832 -384 -832 1 0 0
w 384 -544 320 -544 0
w 416 -544 496 -544 0
w 496 -544 496 -496 0
w 384 -624 352 -624 0
w 400 -784 352 -784 0
r 352 -784 352 -624 0 100000
w -384 -1024 -384 -1056 0
r -384 -1056 448 -1056 0 100000
w 448 -1056 448 -624 0
w 448 -624 416 -624 0
w 400 -784 400 -848 0
p 400 -848 -384 -848 1 0 0
w 560 -544 496 -544 0
w 592 -544 656 -544 0
w 656 -544 656 -496 0
w 560 -624 528 -624 0
w 576 -784 528 -784 0
r 528 -784 528 -624 0 100000
w -384 -1056 -384 -1088 0
r -384 -1088 640 -1088 0 100000
w 640 -1088 640 -624 0
w 640 -624 592 -624 0
w 576 -784 576 -864 0
p 576 -864 -384 -864 1 0 0
w 720 -544 656 -544 0
w 752 -544 816 -544 0
w 816 -544 816 -496 0
w 720 -624 688 -624 0
w 736 -784 688 -784 0
r 688 -784 688 -624 0 100000
w -384 -1088 -384 -1120 0
r -384 -1120 816 -1120 0 100000
w 816 -1120 816 -624 0
w 816 -624 752 -624 0
w 736 -784 736 -896 0
p 736 -896 -384 -896 1 0 0
w -208 -496 -208 -432 0
w -32 -496 -32 -432 0
w 128 -496 128 -432 0
w 320 -496 320 -432 0
w 496 -496 496 -432 0
w 656 -496 656 -432 0
w 816 -496 816 -432 0
r 816 -432 656 -432 0 4.7
r 656 -432 496 -432 0 4.7
r 496 -432 320 -432 0 4.7
r 320 -432 128 -432 0 4.7
r 128 -432 -32 -432 0 4.7
r -32 -432 -208 -432 0 4.7
w -384 -432 -384 -496 0
r -208 -432 -208 -320 0 4.7
t -304 -384 -304 -336 0 1 0.59995215722035 0.7678712341956684 100
w -288 -336 -288 -320 0
w -288 -320 -208 -320 0
w -320 -336 -320 -320 0
w -320 -320 -384 -320 0
w -384 -320 -384 -432 0
r -304 -432 -304 -384 0 470
v -336 -464 -272 -464 0 0 40 5 0 0 0.5
w -272 -464 -272 -432 0
w -272 -432 -304 -432 0
w -368 -464 -368 -432 0
w -368 -432 -384 -432 0
s -336 -464 -368 -464 0 0 false
