$ 1 0.000005 10.20027730826997 50 5 43
v 80 224 112 224 0 0 40 3.8 0 0 0.5
v 112 224 144 224 0 0 40 3.8 0 0 0.5
v 144 224 176 224 0 0 40 3.8 0 0 0.5
v 176 224 208 224 0 0 40 3.8 0 0 0.5
v 208 224 240 224 0 0 40 3.8 0 0 0.5
v 240 224 272 224 0 0 40 3.8 0 0 0.5
v 272 224 304 224 0 0 40 3.8 0 0 0.5
w 80 224 80 80 0
w 304 224 304 80 0
w 112 224 112 192 0
w 144 224 144 176 0
w 176 224 176 160 0
w 208 224 208 144 0
w 240 224 240 128 0
w 272 224 272 112 0
p 112 192 80 192 1 0 0
p 144 176 80 176 1 0 0
p 176 160 80 160 1 0 0
p 208 144 80 144 1 0 0
p 240 128 80 128 1 0 0
p 272 112 80 112 1 0 0
p 304 80 80 80 1 0 0

